<?xml version="1.0"?>
<opencv_storage>
<calibration_Time>"12/30/14 14:01:14"</calibration_Time>
<nrOfFrames>1</nrOfFrames>
<image_Width>3264</image_Width>
<image_Height>2448</image_Height>
<board_Width>9</board_Width>
<board_Height>6</board_Height>
<square_Size>50.</square_Size>
<FixAspectRatio>1.</FixAspectRatio>
<!-- 12/30/14 14:01:14 -->
<flagValue>14</flagValue>
<Camera_Matrix type_id="opencv-matrix">
  <rows>3</rows>
  <cols>3</cols>
  <dt>d</dt>
  <data>
    2.7798170435219467e+003 0. 1.6315000000000000e+003 0.
    2.7798170435219467e+003 1.2235000000000000e+003 0. 0. 1.</data></Camera_Matrix>
<Distortion_Coefficients type_id="opencv-matrix">
  <rows>5</rows>
  <cols>1</cols>
  <dt>d</dt>
  <data>
    6.6639995658161630e-002 6.2179022466885614e-001 0. 0.
    -3.0949152483289066e+000</data></Distortion_Coefficients>
<Avg_Reprojection_Error>6.2840123458792430e-001</Avg_Reprojection_Error>
<Per_View_Reprojection_Errors type_id="opencv-matrix">
  <rows>1</rows>
  <cols>1</cols>
  <dt>f</dt>
  <data>
    6.28401220e-001</data></Per_View_Reprojection_Errors>
<!-- a set of 6-tuples (rotation vector + translation vector) for each view -->
<Extrinsic_Parameters type_id="opencv-matrix">
  <rows>1</rows>
  <cols>6</cols>
  <dt>d</dt>
  <data>
    -9.2499761933021920e-003 6.9341066842300750e-002
    3.0965330153749828e-002 -1.4357425030063681e+002
    -1.3350965740310531e+002 6.9574635636508708e+002</data></Extrinsic_Parameters>
<Image_points type_id="opencv-matrix">
  <rows>1</rows>
  <cols>54</cols>
  <dt>"2f"</dt>
  <data>
    1.05366663e+003 6.86198730e+002 1.25343335e+003 6.91052917e+002
    1.45359155e+003 6.95769714e+002 1.65718750e+003 6.99492615e+002
    1.86068604e+003 7.02669861e+002 2.06717114e+003 7.05291687e+002
    2.27881592e+003 7.07005737e+002 2.49266089e+003 7.08937683e+002
    2.70924854e+003 7.11531006e+002 1.04835010e+003 8.87846558e+002
    1.24769495e+003 8.93425720e+002 1.44731262e+003 8.98450500e+002
    1.65054529e+003 9.02941040e+002 1.85375928e+003 9.07489136e+002
    2.05958716e+003 9.11525452e+002 2.27073438e+003 9.15072815e+002
    2.48497534e+003 9.18530029e+002 2.70216699e+003 9.21906677e+002
    1.04251685e+003 1.08855627e+003 1.24150171e+003 1.09449170e+003
    1.44114368e+003 1.09994690e+003 1.64405457e+003 1.10558704e+003
    1.84686694e+003 1.11108704e+003 2.05284741e+003 1.11663232e+003
    2.26340601e+003 1.12193408e+003 2.47763501e+003 1.12731018e+003
    2.69580347e+003 1.13268774e+003 1.03578870e+003 1.29035986e+003
    1.23491467e+003 1.29653845e+003 1.43438733e+003 1.30274084e+003
    1.63746338e+003 1.30951172e+003 1.84057214e+003 1.31611340e+003
    2.04635962e+003 1.32282166e+003 2.25712720e+003 1.32969312e+003
    2.47154980e+003 1.33715759e+003 2.68947778e+003 1.34453662e+003
    1.02830396e+003 1.49112000e+003 1.22784546e+003 1.49774121e+003
    1.42766162e+003 1.50486255e+003 1.63014514e+003 1.51244910e+003
    1.83441797e+003 1.52019653e+003 2.04044348e+003 1.52846533e+003
    2.25161011e+003 1.53720154e+003 2.46618945e+003 1.54658887e+003
    2.68416919e+003 1.55579138e+003 1.02012244e+003 1.69326196e+003
    1.21999683e+003 1.70019727e+003 1.42062756e+003 1.70791479e+003
    1.62360059e+003 1.71649585e+003 1.82831250e+003 1.72553064e+003
    2.03506189e+003 1.73530310e+003 2.24712012e+003 1.74593884e+003
    2.46175122e+003 1.75711548e+003 2.67910791e+003 1.76778076e+003</data></Image_points>
</opencv_storage>
